80805
21440
85669
24523
99559
27063
24746
24374
57836
32684
28043
44787
28848
66405
21463
29504
99231
57581
18032
55921
29816
19444
66965
71495
17297
75544
90045
91031
94828
29668
52436
76637
29091
21569
25662
27299
41550
99333
25696
22578
20904
78366
29041
17822
80878
87906
54788
16840
22421
94937
16738
98769
20856
31951
86394
77471
27005
82015
25954
27605
69225
76338
21166
23389
23036
96259
21265
63031
28260
53858
58004
55543
24580
95834
26953
48292
94991
89493
30731
55094
83467
89634
16724
68860
27949
72771
48422
79664
61585
16286
20790
18516
16727
87803
40472
28785
81904
80696
30016
72540
78707
61711
20249
18350
88458
90479
87400
29918
25245
29544
77131
19246
18542
24800
96618
61673
54301
16384
28164
25717
71377
20825
60897
20968
60826
78870
16802
48843
74894
51358
25835
55923
76945
21431
26380
19256
22208
65267
20906
73695
29496
18901
57256
93596
99783
30322
89917
46589
24953
16264
20951
29016
32664
63773
78685
21220
76508
60274
89119
20192
86276
19164
77947
20913
72678
20936
21553
49727
30610
19898
31160
47670
27965
49930
96145
80580
51859
81651
76479
20124
90208
31062
25815
26187
17582
87948
26791
93054
63213
18724
57321
29647
92775
28655
18076
16053
19412
17237
26308
18152
26724
61652
84474
28238
22450
16693
31734
54782
32725
51203
66825
40976
25115
27870
65946
51832
27400
29485
69299
82150
78518
95959
23719
19236
79553
47312
92464
3393
26392
20864
56440
50409
51544
58662
43061
46403
75685
56456
29146
72083
16729
20815
67796
19596
23259
40612
70239
90143
32153
46382
52453
91033
28713
19729
24411
21272
53556
28686
46257
98494
50494
23837
88064
22855
68842
81270
54228
78155
18126
30314
85407
27553
51797
52593
30659
24089
28819
29383
25248
24846
81865
56339
97750
90430
25844
20796
31778
20456
22067
91242
27280
23654
68319
19398
96842
22029
17282
62186
26672
23024
31880
98829
29198
92531
17959
56740
67206
20855
19391
77560
76988
16975
89437
44486
17367
67529
5676
79297
45339
23990
60142
21517
69673
43147
46955
26638
54077
4445
18473
57023
63536
20143
16490
98973
49613
45126
72392
50847
18208
20957
95204
83964
40978
51746
75315
20628
48935
32412
28315
28111
30978
20370
64999
97679
31373
21438
23159
99052
92212
25347
60432
16179
29872
23872
66643
43122
71059
48812
20131
95631
27654
98573
31760
44228
97381
29389
52139
28966
43990
82208
32013
16351
26601
49544
61030
44064
69587
27964
81449
22944
29311
23292
27174
18557
71501
49164
82296
89806
18471
25941
49359
56042
16817
59085
59194
41634
51922
93800
84461
93422
26563
25750
42364
32058
30303
87416
41976
26313
60337
23084
40904
41040
49202
89449
58505
99740
29666
63167
28150
26637
86832
45248
27853
17906
41640
54681
58732
54462
19569
91333
23568
56187
98169
54609
77480
22289
49018
20865
80813
42491
24283
23579
21405
30404
11744
29495
43323
29179
98554
95280
99299
96643
20846
81593
21402
54494
16347
23463
48779
76930
83808
77524
25406
99383
29110
19458
75138
32425
96686
30714
54120
63531
17660
41588
65232
26229
18996
28765
28015
86531
90780
51596
17230
40563
23161
57333
31936
43690
24276
88345
20577
28827
85083
75355
28004
76222
91832
53399
87410
82104
75181
22575
62975
77282
29423
57074
79061
51013
54041
25367
21967
75941
27800
97143
60947
28701
30389
28887
87918
16849
77019
53149
76446
31716
26556
49392
88649
52389
81049
74505
48533
16415
72119
81850
25847
19827
47983
29035
59801
73039
23422
28671
93147
85851
21091
87595
30777
13641
26112
41565
28508
23221
19051
60868
49692
67477
21450
59726
18928
32713
44206
72233
29045
17483
32809
28457
52986
52263
25221
95968
32628
29321
19642
49171
6669
80218
58685
21322
29353
24229
89688
30951
30732
45532
29056
86176
45249
22782
19080
27364
23202
94581
68832
70220
23526
30695
89927
23236
73322
69359
28227
45186
75557
21772
31185
99560
69131
65558
30107
53464
68099
98342
71487
28724
16726
17068
88635
66766
44303
71293
71599
70447
73925
75502
27993
62183
28945
75435
30638
82138
17341
57271
87253
26455
27447
29426
40775
98649
17978
20071
58799
32367
52547
73242
67887
41619
97976
79306
18659
32308
32245
25415
40442
22395
19316
71580
99756
18333
70359
86199
54922
93705
25251
49604
61852
60961
90115
48826
20396
41252
81783
32701
65630
25658
21891
30129
44807
24129
23231
26036
71884
20759
22686
68475
54642
86145
24963
32277
19609
54487
23539
32714
67578
17344
85479
58141
30260
18748
83976
89487
49079
58472
16894
43412
65871
68699
17987
17436
20376
73068
30264
26063
19793
48677
19069
24263
16680
44653
97273
99247
48379
17658
77443
29001
94977
27469
25627
17639
82405
30298
67965
99647
85639
30798
25020
99865
66571
49565
88163
30184
24040
21350
20283
41546
30740
81391
30637
65112
27602
25081
27504
75300
22581
17055
26519
62204
26610
64188
43676
54325
55446
59976
83261
21766
91951
76026
61783
51601
86791
29823
96804
27089
89292
51027
20365
55111
25904
41014
17899
40610
61236
66002
54247
29528
47589
58609
85402
76568
16091
46836
69548
55104
21002
22592
19690
72813
84849
90903
17259
30139
98359
71084
49358
82935
48660
90802
44851
83982
50859
32709
59603
47775
85723
91669
40623
75658
30383
59979
69037
24224
32054
24607
19317
94341
24483
84011
41439
24253
20155
50440
21037
55441
85327
55360
75051
30142
91295
87869
91572
95868
73755
43484
75347
48481
21388
25041
18918
44741
70651
31688
65999
93970
54197
67348
81866
48882
52344
58217
86782
82073
23888
96260
26012
63692
17175
54183
44146
96632
48426
83301
64735
74686
22835
83856
16848
77893
55973
32361
40161
69583
30460
87651
47118
20582
65893
74716
20133
81187
65959
53836
94864
97524
55728
27542
31339
60204
30054
26349
30542
75664
61215
66831
70485
68791
47816
54461
85794
20309
93336
62371
65665
58105
28484
94611
25137
21995
18456
40036
50417
16073
49133
43817
23147
67788
88662
19674
69758
41670
62380
2664
19216
16256
24032
46397
70516
67172
32527
42474
86879
73684
23335
41783
47577
58134
70872
46338
21996
77070
92644
45271
24725
27574
61500
65178
94387
81567
64171
29487
18363
82326
80970
87188
32414
77383
44500
27296
74818
41562
16929
43937
30409
19041
64572
56985
58433
25579
91855
58723
26701
91648
47758
27726
24711
31711
77661
99461
70002
18569
73488
18071
16180
50087
25965
72960
86314
64021
55670
21151
99822
40227
29556
25634
28698
98623
27152
58008
26483
31965
97801
97599
85749
18583
61630
52779
27639
22557
24638
56965
17278
69745
18949
43439
72043
31451
68095
20086
64550
70924
58551
30962
98665
16112
96530
32775
27399
45347
25040
31117
79511
27680
26868
30046
88112
47886
55313
66264
40850
23281
26066
52800
82290
20449
21734
85489
27372
20199
88296
42794
18791
18082
16260
21764
28192
80778
91934
16375
17983
50490
86041
25012
49796
15997
70259
56149
27167
22871
25723
51555
84078
22256
18780
42694
21255
6525
30026
28636
19463
28721
29138
28916
21857
82309
69370
20210
21202
46092
86502
26709
18590
62464
1982
18727
79594
80536
19375
79645
75107
95747
99726
45326
20330
88106
57878
19568
21592
95578
29050
29304
40433
26261
80737
62296
26504
95925
77828
82512
29054
94698
89419
95895
24692
50349
52011
45985
48872
86086
32410
70373
82853
91871
27049
58774
21413
63733
57764
19074
30992
23848
30686
62169
42530
87989
30579
80030
19410
95929
83751
30757
94782
24858
18288
60118
69177
75586
19177
21452
55935
53456
17875
40851
96442
65989
25879
28502
66395
51551
55700
90899
6099
27748
26097
67800
76178
62495
59442
94452
84142
74503
59016
52537
97923
45885
91601
28163
29541
55273
60849
16365
27703
23696
25383
31697
30795
28325
23396
40308
91463
98555
16076
28964
24248
29793
16479
20742
77469
55141
74748
49925
18975
24626
16675
20536
72907
87053
55887
23503
17698
68109
71514
67358
14101
32181
46538
64104
53812
89287
31383
28410
20612
26572
32475
72580
32790
56112
32433
56583
90362
27729
58265
86866
7241
88016
16426
27196
86984
52021
25314
93510
28497
55328
78416
24958
26828
88560
21135
68350
18449
82221
76196
24470
29399
85974
48351
19592
57550
18007
31137
32504
56229
84734
16240
17510
75759
22478
78946
27551
63944
85023
47467
95634
43128
95707
43799
53863
56250
83578
29514
22163
80538
53654
28021
53716
87275
32103
54135
47962
30646
63415
40798
29121
90392
59950
56674
21435
60077
79355
29344
83684
60783
80880
17888
51506
51735
21926
50237
97784
62135
50387
27588
68696
17807
24577
24808
73565
44534
27905
60262
58702
27506
16595
74701
75517
63107
22138
16575
50391
25912
17546
27515
73822
46251
31692
87549
25030
26771
19424
20534
66785
28866
80592
18113
23596
30154
80033
47789
22696
20546
57572
94696
17167
26239
64334
17488
19620
22391
28927
18318
22706
24386
22818
41547
65915
77614
29466
60878
23264
59516
49632
91309
17800
20132
32805
88883
28426
53279
67117
17047
44806
22933
31120
78418
26520
23395
16436
29379
70954
29721
23062
25133
43599
91705
26710
96151
79222
32443
20367
28977
19494
80752
44820
24431
24468
18625
17006
21090
52350
74979
51195
45633
31011
67917
24713
23038
25105
28544
20006
98420
98582
16275
69145
90391
26931
32705
18250
77951
43613
29493
52732
99517
28329
93535
22264
66517
29135
92695
63721
26412
42073
84467
23738
50093
83203
27425
18266
56854
75439
19098
93119
19330
67475
18054
29377
31539
27053
26958
46415
50140
86684
23468
18588
20750
60106
30395
53878
56963
68044
86810
86315
98944
80861
84450
57130
25363
50651
23306
89758
27513
57050
93924
16250
48780
63176
99384
53992
29630
79709
95847
18231
19048
88315
32210
17692
16709
30447
32495
22851
29797
32383
28166
82828
57114
27056
16800
47045
55267
76984
27942
23397
30227
32326
64191
22350
65374
29261
96833
3390
54020
20592
28173
28814
85303
50100
18490
83222
26912
84489
24697
31330
49106
62782
31636
98606
81927
15964
78182
82024
30631
24510
21274
87133
27766
42110
69243
42327
23464
68140
78289
54832
23248
91814
52490
71072
27101
46262
66010
27210
24910
65833
24465
17766
16518
27568
99836
53939
21727
29299
99115
27446
68884
92686
81232
58597
21325
28099
57985
90538
28933
29946
97598
78127
62361
77676
83389
59301
74584
58169
79294
19117
93834
44527
42842
79523
84042
69338
28190
32712
17250
47790
52248
22475
27058
18678
26121
17795
27176
91470
70944
21451
25780
26688
19029
28670
53944
25111
26586
81660
22108
27561
99411
86913
31469
17564
17014
25189
22788
82702
94617
27095
27421
78442
26967
84600
62103
27638
47289
86123
28083
51277
71277
24868
55051
18275
52269
85230
24178
84615
23792
20515
25928
16534
55407
32195
25009
90609
42492
29765
16293
64904
21930
99312
23357
26544
82322
84838
17417
69943
81770
76739
73313
62919
17843
22025
67089
27168
53771
76717
65049
85024
12581
29732
5264
23138
63948
41022
27371
49623
21706
58593
26125
80649
27679
21321
86628
98309
28717
28321
81008
17224
64192
30507
60715
27366
26395
17122
21968
27183
65678
44643
57981
16599
24047
17757
42870
32476
97582
24111
21681
46355
64884
88632
31712
27455
30273
84107
19113
55393
17354
80319
90425
27239
88961
19380
98525
25659
27529
95676
71143
20204
44827
80914
99469
47520
96731
19039
27311
61502
27427
69416
68172
98188
45657
27636
88573
29682
30918
70563
22187
42872
95705
21990
99361
29880
31083
41612
31502
55514
25016
17299
89815
27161
53775
22384
84984
32098
54005
69426
17853
54229
71774
59472
46734
19572
23412
19928
25952
24214
79177
23560
24562
80658
18712
20435
29470
45145
65056
98481
65703
79909
19731
94597
99096
23483
31135
88790
19570
23546
90211
79851
72230
59618
77242
29513
26774
28868
29096
51275
16011
44225
24676
26105
24142
46205
16964
60054
67421
70989
22797
16755
27338
76315
76327
53372
24854
86530
47453
81363
92339
60214
23107
63073
72097
18050
23761
28498
23920
91583
74857
19991
47255
85089
26214
25789
59152
26274
25178
69027
28073
52710
84908
17021
30569
22709
89765
73299
57264
30038
27576
17236
85184
68900
94594
28448
49480
54405
79423
51180
41119
25104
31221
64580
19610
68635
54610
57157
19885
87185
40474
93679
23626
20678
17610
86831
20409
19629
74866
19667
51259
98514
81012
44736
44788
76923
32746
53014
20101
64619
23762
18978
32348
96974
65604
48730
16914
69262
31475
28843
28829
97042
95933
32788
56790
46523
28505
15974
92757
54471
32173
29581
18461
20381
22394
21700
72163
87262
58515
48042
17002
29382
98605
54690
28016
17072
24262
65613
23233
59936
43776
19799
79894
47614
74223
77875
31439
19677
98558
28880
85940
26271
27278
68402
74820
16438
74942
67415
47335
90878
50450
61871
69129
96091
50227
90834
80260
60762
75500
88584
66780
27573
29463
32389
27834
17496
20996
52878
67408
83962
22907
17682
93475
71889
69776
81666
24933
71576
68865
19839
29358
75251
42396
32193
31197
32512
28754
76418
44018
24469
20293
27642
22956
31999
93031
29210
26441
25064
24739
45344
94959
47445
45111
98384
44154
20009
17181
16145
23000
25003
18351
83728
18959
23660
19603
86961
19855
71274
20747
19300
27874
30490
71027
32493
47941
25665
49019
74673
22815
70442
45017
24216
28072
46324
41607
28142
77128
99298
28425
25368
83818
18548
55585
24170
50488
21507
47858
17239
31755
65219
18403
29691
66596
25100
25865
24396
65176
28676
75615
16379
47219
69769
98118
93321
26818
53105
42013
24084
22316
26118
26094
19067
27232
30208
20791
89772
46321
48297
31491
24731
17567
16811
26930
29102
79617
19201
77816
17108
46197
97773
17579
26061
29881
74316
21414
78431
23549
91788
90122
72207
41914
74654
28815
61667
28515
45495
28334
29695
24612
44320
27212
29907
49971
56620
29430
89091
70131
96040
30541
68152
20320
19536
88466
58278
64014
32001
52532
50321
86848
21827
93360
67568
47759
25526
22808
90720
49970
28336
47305
26320
24915
24756
27652
50404
78697
28646
86320
88738
54088
50045
46156
24807
96958
75053
20510
17358
74496
49247
18161
48076
75830
76736
42756
68965
73509
60174
24221
85457
69246
87336
16370
31802
65579
40428
28211
54153
25019
23874
98724
76890
30202
16628
48483
64026
82609
69295
22669
20836
41468
54757
89597
96407
28237
54872
32421
16061
29812
80849
17758
27468
79344
79049
17024
79862
29027
65962
29070
88674
72670
60115
16770
43982
49922
69141
94254
68533
65950
76071
89485
65878
90418
17782
97876
42904
29163
17863
25774
43925
24031
49407
56390
42919
16193
89355
30614
29722
56243
44941
20362
84320
29350
56279
24703
46820
27374
54006
88424
61195
30561
94430
22844
99830
81025
77191
51385
68713
28898
20711
48453
21927
31123
63309
94480
23600
60998
75454
91783
27941
32661
24120
74727
53435
53964
95465
82036
29841
66067
69696
46521
18846
16542
66745
31404
84606
21088
82904
77427
52355
47101
17622
19716
76249
72336
31361
20821
83365
63741
74481
53596
17817
21613
81491
26839
21630
21372
65555
44530
27043
57049
30437
23450
27192
16560
41077
97353
58046
45269
16618
24851
24074
68956
18885
62646
96793
29474
22064
78565
71797
31679
67651
22888
19110
69146
52296
66603
30275
43118
47785
54479
49379
47700
67050
92861
24837
30661
95803
19897
65268
19712
63364
62383
25900
74159
97263
73770
56038
97547
31528
93025
48868
25674
26136
46536
24019
24603
22772
26848
22849
89900
65217
17384
18460
55571
16847
48950
84969
20385
17011
21146
82769
54188
68453
84749
98969
59347
18629
49375
54381
90258
17419
25498
32118
29360
27760
74639
25277
51078
59943
46801
85907
16536
97441
26215
16949
82048
25673
76698
54739
20088
32675
18633
18738
17355
64715
77511
81881
32135
91197
25713
67154
69398
98656
43551
69354
94997
30549
76386
17936
43563
88081
92721
21246
25086
24067
21845
56446
21979
65284
97529
41192
21905
58634
23615
65003
47493
19692
24824
50718
96261
29033
42929
76880
88676
71174
19644
18123
59498
24582
64893
94057
29030
87263
57904
84669
20986
41693
40900
91802
68308
82973
92289
21866
79671
98593
19280
27051
91365
69293
18094
98220
23610
49586
62150
29997
90708
50359
62871
82433
23616
18129
18485
44508
57795
27644
20356
43673
55821
74817
87537
92092
96456
60477
27751
31813
23365
28462
55944
32489
17979
56287
31774
29991
21530
26474
90873
91096
32781
54805
28477
25256
46752
73198
78215
26571
64573
26825
16695
81233
17238
53842
24835
31964
24403
24871
23827
65401
57006
47950
24083
25377
30253
26155
23438
99063
17722
85647
26067
26219
80518
57755
56304
99085
99417
28926
27231
21510
26633
23814
79264
46935
26192
47912
45576
18105
29199
31270
92195
24664
59260
79754
17702
47956
61519
53309
95776
77589
25962
95830
71127
30550
58130
50709
28409
76476
89735
83255
27293
21156
96719
18233
90628
76665
21306
56191
16744
56147
26927
52467
26597
21537
82518
32582
91950
96670
79699
28091
65906
22057
87868
23535
27585
68221
28161
19070
19093
91062
19754
51847
53228
64757
44829
28746
82950
19262
72103
67344
82656
53683
24389
27957
54523
46057
86648
83749
19687
28960
19546
18273
99912
74456
18038
16874
27066
47628
27912
22949
66824
76135
18140
21031
23427
17440
65656
82831
41899
94012
99491
63745
55597
17432
84624
26523
92218
16684
20372
32246
26978
68937
77453
18982
17570
27121
22951
67060
65180
20671
27597
27492
22406
20426
32107
16088
53664
55334
29011
59877
16943
25551
26702
97769
28702
18484
49705
76853
44521
16653
64314
17112
18033
31544
45381
52529
21269
46080
30477
24057
29413
87284
65390
82938
20838
85685
22865
31723
16557
45410
68209
97032
50939
86711
83566
80024
31493
83691
19296
48388
42211
20708
93732
40833
20324
19728
75509
85845
94993
20518
16855
32124
21859
66061
90658
62691
98406
98435
78481
72328
79280
60244
27833
67104
43320
45313
17390
28907
47746
30267
78756
30470
32723
51359
52875
16367
25812
87880
78532
49138
19310
20969
82439
61475
20937
30316
31260
51424
16117
98744
19334
51780
23868
26139
32627
83235
27931
85797
62762
24687
21219
23109
40461
26161
49785
98931
82575
42196
22115
58917
54911
29621
40729
84307
28313
74976
25736
16839
27235
44255
21393
98182
55584
20226
17970
31075
16074
26716
29501
32059
73388
78325
18119
29391
29866
26447
31320
22660
65634
73756
21256
26527
82313
73843
78419
91763
28533
84717
28222
78306
30941
52232
19911
70156
27463
29503
55639
52828
29395
51135
71645
51841
16072
96734
26492
16195
7482
60805
65645
24587
18546
31792
77024
31454
69857
18822
92916
89840
32122
85962
87049
44207
96232
47240
48885
26721
17977
50913
42067
22560
20643
76546
32658
20812
18252
62887
45910
62654
60455
71349
27650
28180
88606
55503
22588
96234
49188
25809
19055
65002
45709
23779
40655
53543
42473
29727
90414
22337
17659
96553
16488
26089
25874
40177
46034
28109
55266
26734
19038
28361
22266
59903
21098
86824
89607
42755
16968
24712
59113
97217
24123
82159
63477
68946
47183
96240
17503
76078
53432
83678
21419
73074
83914
96443
87675
90990
54191
21339
16150
16942
86317
24208
53118
46504
30464
25188
57449
26265
17240
79651
89645
23851
98797
83937
27645
29276
48946
49092
70926
74554
19700
59832
76009
27452
80111
23517
17882
63253
85310
97840
97560
32503
78388
31966
94665
31621
28165
65004
66389
95767
22327
72993
89446
18961
17668
25949
80656
73713
19673
26445
23286
58812
26431
53247
8340
28345
58826
25147
72775
72824
27315
87203
24292
23933
72930
29456
40573
93610
25894
22885
47955
66228
17439
49311
30825
26135
59101
26887
19632
50055
26550
62543
25746
49955
90165
83608
97786
18139
24813
23272
23748
23885
25483
53749
91289
99528
21280
72584
28986
30949
21632
16412
66307
40175
22035
18872
28600
48657
50043
18353
44459
61024
92846
26301
31165
17389
63226
28531
25323
51174
57102
32327
26086
87291
16216
45138
67673
56307
32529
24282
81436
50981
49395
73946
32500
24281
18697
28202
21795
49209
31029
17322
24589
58296
29755
19385
16865
84718
94300
16976
30412
85255
59285
53294
28026
20482
89157
22801
18735
24185
17421
84126
45277
73131
27260
21589
23157
24865
21347
53258
42515
16075
66412
16014
45805
93900
29209
52696
32737
72891
96815
29829
29115
30365
30176
25523
24198
93557
61111
75666
78076
29636
17312
22462
17574
65582
61640
58005
62187
63088
25766
92074
75996
16918
97834
76282
44036
67735
54337
90269
28178
28657
18529
52631
22612
64798
96977
59039
30300
16621
21249
26456
19006
53348
81359
55180
84817
27269
54825
29105
79372
23364
24486
30101
27077
32437
18649
9251
25487
58460
23533
23680
29359
99572
21385
25139
26737
18676
20345
68235
93722
62227
17331
57935
75496
23775
16492
99985
99503
28453
63116
57562
76695
83629
22241
52164
78892
26628
70542
32285
55174
75100
62534
90008
46254
67423
66730
27102
19533
23752
51038
91167
28309
18944
62033
78010
56200
91327
72851
20639
22228
90688
17929
23507
49649
16712
99472
50822
27182
63993
92816
20607
30590
20725
31770
63955
74937
57476
89565
25403
17485
93950
84585
85352
74353
61450
54755
52478
22664
62143
61590
47836
88308
32447
22083
31030
20248
85700
79310
55966
44212
91350
52919
88816
40936
17759
90032
82642
87976
78708
95093
41661
73249
19851
75883
16194
71260
89268
62594
60595
49496
48875
49683
63187
50743
24190
18468
52307
63519
78038
31676
62212
58006
28750
16892
31910
27875
31812
58441
20553
58475
32133
62925
57081
92455
22617
21678
66894
31300
30207
63749
31585
25001
25049
66739
88429
16993
58027
67281
26373
95201
17083
49350
94046
16655
27291
25373
77503
28962
42357
93454
55332
92347
25833
86683
93662
91121
54564
17539
71603
26142
31558
66851
25326
21479
56572
55545
67150
89045
83362
26885
98994
32399
25540
22181
32303
89992
20779
32008
17506
28268
79596
95561
43305
27983
16554
91438
32463
70462
32012
25286
32763
19940
56552
29190
32394
59067
32649
27527
53492
21427
89544
59004
23469
9552
65025
42892
51482
26579
53650
74566
67906
28813
26795
68177
89854
89736
16236
30478
46105
18256
24995
27676
80342
45601
26861
99178
82641
25775
51529
87687
65537
93701
28358
93628
23150
21663
88242
58599
20276
44434
80983
93938
16860
29799
50594
27458
69711
80603
16691
40819
22609
17924
94125
93387
31820
50065
23795
30629
28930
88265
65837
25811
32009
26916
40934
52872
97229
57313
30601
22564
28423
23224
57412
66095
67617
19097
19986
29925
41517
29074
26629
69811
81786
69484
65164
98698
80274
32526
30359
17423
53637
45434
70682
25364
68204
22723
89356
19597
96869
58337
53119
64906
64752
91579
99991
64485
32440
91602
26288
23135
25714
22336
16144
18984
42135
42757
81958
22239
80943
68135
32497
21948
51670
83182
80121
19289
28883
54190
65312
51202
20920
21270
45359
26248
91200
25285
55337
64709
96371
24903
22412
46775
17107
62261
18815
23666
32436
82148
71579
86550
81475
47224
93078
87121
28832
29268
23171
83345
19326
22918
96066
26980
24330
32292
73038
17330
43067
27554
98385
55188
58782
46588
94903
18740
93566
91782
64153
56947
22993
90174
71798
72439
19331
19037
82490
30650
28067
80644
17124
76751
85769
62980
76710
43501
21833
19275
23394
65650
78292
20254
32624
25095
56651
90256
86294
60720
78474
22019
25862
93113
74786
22498
81193
94517
48340
30505
57288
64830
28244
68687
24548
27418
19408
18992
98162
28807
27067
72969
50007
24623
73001
26212
43571
70492
27172
67427
86618
60122
29639
16382
48124
55012
29968
26013
66474
28094
19538
98552
28828
30088
31651
66557
22283
65516
46305
71862
77484
25225
85534
91614
40738
96540
62239
25915
20617
32375
87980
25711
94846
83643
31235
90396
19768
45157
85941
67227
16421
75640
64965
17174
80473
21185
23215
77781
70622
47483
19891
25449
28356
81122
98557
25046
22804
32286
72634
94196
17905
51998
71108
18459
66508
84610
67222
63992
85704
18654
16843
21521
41254
48468
24414
96962
70380
28339
61033
28753
17541
19823
25099
84531
53534
16025
76514
58115
82465
51270
97411
90805
18552
67976
69904
52420
65627
70072
80386
17933
27659
58522
89797
26999
82030
86863
67306
74679
18892
17857
49141
64570
26788
58153
57972
40724
19869
91525
19411
27335
44596
31647
71825
17308
67209
30636
47677
51418
91294
31442
29827
71220
16605
52898
75244
40666
44593
74185
95726
17634
22657
31911
61574
50049
73417
70078
21820
73008
46429
42624
40600
68870
22464
27472
66876
50998
86942
83607
28805
50556
87692
43274
22663
45590
70838
25395
97716
22549
29483
79352
16895
97158
85258
29927
63177
98041
78241
19478
28530
31937
64262
16129
94767
20542
61344
95555
87968
27781
99561
24785
29043
54193
96651
47974
30508
44833
17751
55817
24264
87552
17903
26749
62858
98864
59777
21162
48804
97927
27347
26231
65692
73758
49555
63039
96937
92331
19755
45315
43126
25076
62608
16558
24018
68806
26208
26896
83879
86359
70981
22834
68215
98853
66200
91475
32232
48523
25516
67388
91913
54689
47582
43196
28732
31482
20833
96365
90078
45102
25315
82534
89167
48539
55912
19209
99554
93187
73742
74253
95377
93850
27951
31938
55601
57172
81412
30570
17921
53865
54891
45680
22317
95816
73993
30090
29075
27078
31956
27022
46548
32720
74392
91343
62930
99837
25466
89394
17111
25710
45986
87965
97577
18729
93554
94319
80404
47027
94950
482
42829
31078
21126
29622
30223
55349
32045
47556
69713
27704
47699
83204
25770
22295
53282
49535
62576
68926
80281
25871
29439
94023
40310
45329
88484
75536
59252
94824
30252
83901
52503
28720
18342
92651
25160
74789
28473
55954
92084
50545
28084
40881
18197
68024
42367
28684
19017
65982
51791
22806
54724
74722
77873
76421
66574
83773
83500
61187
23164
23387
16901
73702
20421
29661
26590
58016
86805
30193
21072
41067
86087
75089
90848
30784
26117
30341
19066
24986
31232
83498
24864
52607
31393
79578
99965
27395
94104
18500
60198
26137
84747
65861
28648
28174
74319
79015
17666
23944
23846
16082
25691
19473
17509
59523
26206
27426
75395
31729
32214
31687
86146
20959
53220
16682
25490
25341
31408
65412
80015
52964
23580
19155
27565
52254
77644
80606
28189
48038
27598
67808
73894
83438
23634
58066
25995
78911
17865
52725
51698
75170
83034
46467
82205
16511
47949
67934
77686
49853
50080
18020
28080
79142
56369
17761
70871
29824
31207
78879
78463
80594
77429
43481
86663
74975
67134
29194
68389
20424
68589
24127
46915
88361
27473
69233
27694
97449
40078
43158
63201
24534
15117
31998
29152
24609
70084
20735
73440
25006
53297
18586
28623
26642
82851
49093
47270
40832
30999
69159
94879
19981
58617
23896
30786
93515
25152
19785
62865
31852
73223
58831
95821
79799
22200
25424
20149
22866
66850
28779
30198
51839
89769
20646
10043
51805
28611
31047
96865
17889
24646
24573
70148
74459
31042
94447
96436
45631
84468
83690
48504
40386
92866
83497
77163
86872
65570
55549
47853
21491
71927
76782
18866
46462
48555
18875
46270
83269
59783
25839
29214
30049
24164
73077
90909
99374
47473
45162
76646
68401
25986
48090
59788
68882
22891
51613
90544
81230
58945
59220
21789
93233
28573
80428
26691
27879
57575
16381
97437
20975
45786
73126
70957
91434
73150
92950
31108
99936
49369
29791
64368
27065
24622
45502
63410
69268
32069
19122
43164
63849
87789
90786
53093
21742
80299
59278
25378
28801
72751
17868
61606
23942
25843
67689
85176
43715
53968
80179
20587
72045
52746
76625
74711
94897
32212
88926
25820
47683
50815
96808
27499
92239
68798
51165
76066
81737
26026
24761
99802
78691
29685
98790
90604
49557
24238
65454
25430
16550
62914
78145
89800
21907
98564
88529
22124
83802
51143
68285
96177
81271
31835
31474
91086
21422
96701
57718
31608
21003
63407
81096
90475
46399
30864
78797
28293
27142
23681
18308
21109
55930
28262
92767
27349
90330
69660
63659
89897
29531
83723
46910
46676
27353
27594
54281
28794
46800
19231
29825
80551
50361
89310
94072
25605
55143
59473
30307
22236
19212
92623
49763
74869
65417
32542
86158
59833
29741
88531
71215
20442
85971
70517
68647
61566
17338
97539
21627
27972
77645
93887
17681
68228
40708
59916
75823
58113
16776
32471
47807
54305
93018
82354
19710
23363
19590
65236
62157
23651
27868
48314
18184
74733
30481
73808
51157
31617
63053
54765
28937
49058
26484
57436
21015
94726
21552
19297
52592
28917
20457
65086
43656
24478
72931
45619
64122
31854
23520
54465
18605
73572
72146
72511
25950
18644
21454
44451
82177
88521
69480
42281
57711
57554
27024
90585
19390
63290
77799
32798
27918
23262
16163
24401
83920
80163
52687
85435
90874
32007
28956
63444
20547
63740
40387
58731
27601
56409
90195
23656
59999
52040
16342
77099
28060
32177
56378
71479
24675
20896
67384
27390
99230
19311
22094
43112
24099
15999
21103
62402
44996
24325
30626
20922
99197
56356
44908
30884
53288
25590
78983
66306
73175
48217
73790
98634
29028
57604
50217
19836
26941
57143
96638
60966
22128
42417
85374
74966
52379
46671
80977
31928
96674
40213
92324
94223
68457
30595
16561
27596
72883
46228
72461
71491
19957
31909
59104
46845
16177
25372
59831
81729
51615
26205
26443
19461
18543
99674
58180
30150
27663
17918
49268
30037
58618
23506
22948
65589
85710
58633
17896
82722
26203
75582
78046
24114
79240
49778
22437
97178
83393
24351
28076
88612
47748
19860
22396
82810
84818
71011
94805
31183
60020
18556
32041
24825
55205
81342
29568
13210
69167
22539
57169
24427
48418
26489
24977
59348
29367
53714
21652
28499
88685
41731
88224
27000
65956
62538
19520
54904
29505
29055
27244
45231
48629
90854
88726
53273
21005
94561
16509
83184
16186
58845
88911
75493
49952
28745
26310
95339
53514
90121
44373
29398
30011
78230
18261
58562
90484
45320
17673
56045
40356
28377
23658
76873
53541
20564
80347
29080
54604
27175
27361
26924
69206
78874
88747
95595
75200
58773
79481
84206
76257
41768
54536
49597
88809
26306
16911
45008
67395
16288
28291
88417
48837
46089
44685
95435
24407
64874
54205
31004
94229
22074
27259
82599
28884
87577
93325
16486
54964
21834
18258
82065
83265
87470
28588
19840
46781
27208
43037
21125
19119
32618
31286
72281
26644
56867
26005
31069
62937
7998
42733
28722
20312
19791
22532
94953
25602
91925
96892
29134
50273
28458
92989
51231
80429
24743
56009
88095
18887
82086
83724
29428
95126
66507
61794
80136
85493
57307
28240
49773
45492
43459
58157
49878
62259
27083
16189
58940
29662
42968
92002
21355
78913
72945
31031
32605
55657
32718
63264
48746
78666
27326
31807
92426
22938
20595
45791
22992
21580
86786
95823
20529
19662
19312
56874
22758
27684
21468
76658
20947
21911
43330
72421
83062
55688
40292
28925
16657
60431
25495
98038
29006
30420
55614
58131
46237
29676
24625
65149
40116
27979
62653
51403
55962
77382
79188
26762
44083
16882
68301
87605
46858
18321
41403
81202
29974
44270
29014
89711
83143
29796
31535
27866
24417
31555
21504
59825
23882
29610
89958
18640
31754
99294
47798
72455
27581
98198
88889
51538
30235
56621
93945
30004
98794
74954
63049
25274
20686
96938
49031
56264
68244
83349
30990
17892
16698
26266
55925
45599
65278
70212
87078
59087
27920
27481
71582
60680
59707
66900
91102
21696
71743
73888
57181
88691
75764
93501
25416
89451
72725
16543
70919
52482
78009
54709
70776
32679
18457
26234
85597
93245
30425
30332
41438
29147
56212
31170
20183
73530
69208
57731
16580
65502
72094
25159
76968
28616
63652
83957
26167
61119
23633
76974
81807
85976
25180
86247
68944
15969
50761
26705
19854
27443
31806
56890
22381
18338
67164
22512
93392
52314
51694
75142
75880
19439
81825
82380
52831
69684
76390
82843
83427
23408
95104
20340
95380
19877
48806
53012
62707
27042
85655
32269
61825
99122
86883
22729
78674
53415
17177
16407
61265
88824
90213
88499
96453
80628
66566
82001
23512
79673
18274
81242
86270
41050
45104
16326
84983
75101
83010
29273
61099
17993
98009
49144
69411
82529
24601
74958
78014
29507
76957
59977
54348
44799
71988
64700
18681
70547
62774
47829
81283
98622
32289
24982
25167
85071
19252
24269
53536
30599
78433
16737
81057
80629
66322
79300
16805
19023
69563
68827
44035
53883
62415
96579
22704
66093
46853
23547
89672
23826
65074
24955
95673
65623
24614
54586
88690
82211
62641
93378
84715
72940
32478
92941
97022
22995
87867
28209
25935
59458
76547
63833
77552
46109
43700
72727
28035
40406
92649
32192
49582
23066
96997
71361
76332
20037
21416
32745
62248
56029
21901
31497
50976
19550
63715
46619
43736
63135
90800
26769
58483
82736
21239
45431
80962
76975
90410
70561
27658
74709
67739
76090
63637
65827
20928
22547
63110
20436
97959
74533
28254
63012
95819
26944
90830
52504
65773
69701
79031
26346
18418
27314
40695
99120
29274
78522
26649
92449
31696
50004
22963
20075
29477
63109
27059
94202
48617
24978
74419
80018
69858
75029
44494
20432
24277
86915
89532
22615
74468
73113
28540
69947
50899
42606
16923
94293
28124
73740
30488
95469
23086
64332
28201
88928
64432
29617
52901
62530
30640
99621
99992
78063
80301
55793
18183
85842
53015
68450
52000
63922
27119
84249
31057
80511
74345
41350
62488
53036
54811
73765
70125
24354
82299
20917
85598
97358
28220
54083
16159
25825
74585
43137
63179
93966
21340
89252
58965
28941
48023
24452
18695
47158
18037
24418
29733
96704
28742
64773
68502
17388
91764
20694
19031
21721
20368
17232
84046
16585
32680
89332
17346
42075
50915
68006
45199
51091
17513
52228
67473
54124
79252
29480
40867
62387
53070
27770
19512
30703
31787
74016
31524
69333
19769
72790
81130
94049
66891
32773
17307
17707
51109
22281
48743
27546
16026
70890
90635
86539
89761
22994
94966
81691
46941
17088
96741
41493
16224
95736
50923
44722
20265
88441
97898
73884
86645
85278
26645
77476
20050
45767
94117
23559
91331
47902
62829
32062
51703
67715
30915
26256
96848
84350
21503
95938
22916
87081
92284
59053
22467
27437
41115
21150
87376
71612
43565
21735
21460
17165
17318
27404
44188
29561
16380
18361
30131
44917
75047
83873
20591
72260
83248
77924
30971
85950
44605
50987
16122
23799
16310
59765
70991
76561
76494
19995
75027
44385
76916
93348
50214
26149
88805
23790
99112
97646
29744
49858
23694
30085
68295
42715
99322
28360
16052
47512
95456
17812
96666
79406
16920
95387
97417
83406
99691
96369
99637
18800
60234
50137
87704
75323
97683
23023
50487
69483
21330
30562
21442
29861
87565
22534
26928
50629
58319
27249
86323
26499
71459
79392
18530
20886
98562
17720
97351
76696
50744
71564
70314
99903
93077
26843
27567
77949
16846
29900
29143
27461
90142
54968
32140
23997
99088
96023
81068
28355
89228
81946
23602
64819
58781
61568
93056
31521
31205
43243
52375
69574
29757
75451
32438
31625
82559
17285
32749
18608
49820
16002
45391
76008
87962
22422
16312
96527
87754
87118
57735
53632
96181
30343
63892
72467
26176
85714
57615
83746
19833
99185
96410
32435
23115
31664
95782
82960
58155
76017
24993
80084
27470
43038
93280
55276
60489
63917
98574
32703
16750
19689
77749
81247
70550
26283
91768
61415
18985
51548
46975
63192
28637
60919
83975
28278
50514
43461
16294
86218
24776
24001
85025
22092
51045
20830
29570
70763
59551
24810
80785
17671
67070
46744
16320
88832
48632
47613
32320
17052
29609
71945
40686
55901
91097
17038
78023
61581
46850
43431
97942
24339
17565
93956
57686
79079
40068
42878
46983
52515
26570
40691
60059
18180
22436
98530
17667
68089
66151
83977
90150
83100
52615
23674
21885
97916
84089
95316
85775
92440
78251
76395
62721
32319
18584
15967
49151
76594
23986
18513
25321
79677
81864
95403
19207
20899
25647
97172
19491
87254
30096
82562
29767
81114
50643
28758
17190
19508
83088
69388
29734
22360
68529
22330
70654
69172
81285
85994
23270
51767
59065
16630
41182
52972
22913
26914
50636
68857
61128
87963
55953
44565
53806
42649
80139
57190
52957
21914
27388
28364
48674
18677
23861
22441
43033
26932
16462
79100
66009
70340
51722
31020
88008
59687
28526
79501
78678
26876
23875
25145
28281
46410
17748
24535
43065
95806
27370
56333
16669
18970
96705
71555
18109
48705
44220
79878
82301
22726
17413
28955
87628
52510
24122
89212
16907
57573
17688
17844
62642
89325
20794
75446
24237
27838
65890
90566
22735
25065
78551
72909
40929
46797
87794
21357
26379
40440
19436
29660
64995
54987
49860
43996
83550
89719
47242
32221
18628
30618
57492
80027
23878
16024
53001
63492
29263
26993
77586
25742
43837
27251
16937
30975
59816
40085
27796
45176
53502
82929
25544
30019
28836
81167
17474
16069
97124
25800
30039
17293
53979
42412
22332
25803
41881
16115
25787
61012
88303
25562
91490
18837
19263
17000
92518
70886
60518
29488
16295
70271
21483
69375
97467
90403
31620
30817
20680
30779
16330
82147
87157
93678
22960
62795
87608
94025
18137
92105
31421
45297
83324
29221
18223
24287
66724
22515
64150
72335
53331
17372
17922
53921
82806
17203
80259
29019
56458
88852
72992
31058
80326
60890
91554
82279
65559
69015
56319
59701
80497
17616
22607
82324
69259
16000
65463
70874
26420
30726
86340
22554
88660
93458
31229
26915
25234
21324
28119
62581
50857
29492
67554
24524
45298
84406
56201
48634
76109
26227
59889
55886
27450
26055
32064
23644
26424
87484
23967
29349
59592
29702
90508
25290
64844
20784
20040
63693
62126
20496
94162
23504
54498
95849
69270
22836
98749
93194
22519
45184
76630
26723
71961
83617
18224
53774
52764
67025
68601
57569
68544
73087
26210
64846
67504
65975
80490
62343
41326
60675
31834
88565
26433
29436
28323
85131
17793
55428
81376
26996
32689
32411
24135
94872
24822
19153
25218
19455
90886
19220
69639
16093
17131
86347
25026
71677
40972
32742
69176
25013
30903
31858
64288
21675
18247
74798
54620
89179
67017
95843
26833
16319
30318
83932
95323
26922
20042
68103
59090
63581
22494
27577
67245
71211
91005
30236
43602
97070
92648
65161
31942
20169
26727
28621
83650
56829
97566
64891
16733
25303
83527
67341
25469
82359
45420
16502
76802
24767
71986
49139
19405
25867
23089
64599
44841
23014
73292
55651
94820
26480
26606
77711
94912
75014
32694
51822
86313
22005
19358
71946
62421
72229
99817
30244
25757
96405
94009
26292
98615
26832
23124
48237
21302
15990
58100
83335
31842
72329
31721
27764
31173
89868
45207
48439
60864
67019
61156
17268
21379
31930
94762
76200
41457
40780
66841
28918
16455
47020
56027
17310
65358
23479
20743
18671
99613
94634
27732
96814
45838
56707
58888
26469
89914
54867
86148
95351
62863
97795
21159
16078
85615
64969
27419
23402
75775
83633
56636
20763
66637
64137
91123
76432
67404
27648
74950
24105
32198
29366
87468
41937
92984
23617
60419
69464
18268
17170
84726
51863
43086
17955
40277
47136
67177
19675
47137
99650
27411
49525
45202
23729
20386
61298
66756
99995
25475
70040
41434
18782
27092
40687
23070
31495
16127
77903
41402
18737
77013
17932
42055
62316
64230
26222
21502
27536
99938
20620
83169
91770
26470
23037
52598
66365
65810
75963
96218
52460
15996
29786
31791
18711
83564
17198
94539
29196
80625
16149
16617
76397
54723
30484
80425
28210
90151
30170
79229
21489
23491
31639
82293
92525
20145
21373
57465
45331
20931
16873
80265
22303
24063
21607
29723
20701
27669
97206
77206
40286
50189
83522
26040
59136
51042
27603
31839
79348
27014
92824
43437
59002
18127
73961
47799
18395
30666
17676
25039
49015
31066
52680
24299
93401
52311
97239
71665
17739
44016
54162
58995
28561
80927
22240
63297
29577
45816
98256
30434
21123
75568
27237
23131
30189
63320
61068
27730
31616
57506
92373
45169
74408
78238
26372
23513
81032
28909
40120
25332
63935
77927
30015
51072
24357
45684
20785
22321
50502
63672
16731
51082
90120
45032
55774
25536
63914
50099
92287
30169
29758
23296
16355
48346
59443
17442
25343
27094
90270
26895
30228
21398
26965
21714
53425
60523
83244
50039
24477
41442
24232
47035
23251
20292
19144
29810
90049
25440
40526
17298
97818
53735
89103
41199
88476
41004
43866
50692
63218
20664
78213
19291
85688
28513
50618
80410
53600
60954
83129
68878
44638
80110
98674
96197
58771
19824
65404
25542
49603
70206
32174
27799
28342
20423
58325
95076
45604
42070
71106
40004
20801
98887
24285
76034
49265
85519
82021
28578
46600
43115
48100
32406
88111
71998
85516
53474
29808
67301
85852
42781
64472
47927
18831
20561
61893
50520
31254
71837
66084
74289
66786
42782
23838
20001
74258
25538
32182
52197
54182
21594
88624
53594
79465
72545
79166
71513
20195
67461
58257
58878
61331
26143
55679
20679
27480
29229
56269
19079
30848
48257
71814
61375
72308
91313
28666
44557
26567
25253
79967
26851
23390
27322
28740
29667
28020
28730
66505
29965
23687
77083
69546
23114
29316
98919
49638
22636
63552
61904
28951
29122
53743
65150
21683
18291
66479
53451
57010
30587
85042
52298
40216
44652
27002
70784
94733
25554
79962
26337
87225
80519
29708
68839
22382
22572
21960
95410
26020
31879
27379
32625
47425
60380
16832
40923
76541
84266
79132
17886
65147
64519
58098
50094
17617
50303
28469
17696
18950
28571
50207
96791
63541
21213
28218
82802
91150
17949
21677
29707
86907
85766
48939
23537
28924
19233
66481
47733
92209
47907
55895
32304
28503
16153
46116
26898
22071
79660
17231
18972
57791
25678
99080
65448
79575
58930
59486
28517
23953
30051
27758
61259
52297
56098
26849
67639
81429
19672
67683
71997
99362
91384
42311
29336
17201
25108
53554
22076
82770
25549
26345
42402
25606
26583
83102
96421
95951
86934
27772
21559
60295
19588
24571
92281
22937
78867
84853
88702
70223
58851
26575
23342
60829
65562
29526
91758
72102
69265
93411
28031
94512
78641
27945
32060
99797
22878
18443
17544
60892
77787
31310
23583
94119
26626
32112
86780
58720
92075
76741
71736
20250
25233
52162
47875
92200
81208
21912
94538
99268
43284
27592
29985
29162
63512
83700
31903
43770
75824
93634
70806
18836
49791
21353
21525
81410
5922
83202
52146
45979
23384
75591
26860
95077
71327
65256
62463
51025
93193
60362
76609
42035
70786
96520
29288
92346
94260
91588
63687
98896
40789
30018
85490
65449
19775
82496
28106
68429
58430
23345
85650
29986
25124
76811
63515
50174
17578
31080
68074
32305
68949
81245
70704
50750
63676
64450
29632
41409
60164
83167
61659
62650
99790
62791
73654
26087
79900
46510
79636
56757
95740
30034
45817
62855
23182
26506
49353
23577
29929
51821
66957
95976
41384
19813
98959
56906
88350
71559
69281
72377
20967
32549
16173
41627
57161
45038
97846
94032
30800
17045
89049
52193
40826
55672
46492
19772
18673
17864
76715
46067
22604
52252
94737
94327
45646
25474
31000
77380
32205
23354
16619
48293
61546
41289
70313
46651
51020
60408
75162
58416
88857
44817
58111
63103
74768
24251
23197
62190
84057
81316
74174
32283
63145
20377
78839
73526
50640
82072
53734
41098
43923
19156
26902
80436
25351
17749
51955
75889
66362
21634
26746
63219
30213
78168
51522
43856
69186
29967
57779
46340
68435
19510
40576
79413
42776
21488
31398
68849
24015
23001
29419
19451
20437
47410
44797
28128
88009
63723
25944
44781
22651
61078
26864
16789
64994
29289
29826
62958
25299
27705
92492
23714
54130
63785
17614
21769
46441
24734
91765
23755
32456
26542
72462
99913
28141
20120
26942
67843
20873
77094
49558
18195
58574
22639
29374
66542
73582
16572
48716
75026
76186
30299
48752
16164
17249
32136
79404
61301
32704
96567
74410
57934
51245
20501
96591
20259
28029
53377
97660
20651
95420
75817
46947
20450
28033
29182
54385
56100
75856
62334
21410
63359
65973
24867
83565
27312
22924
51349
43467
78290
17859
54257
81480
19427
79262
97121
16128
91376
88025
83922
20613
30171
29540
28146
23492
95013
49034
97593
48122
56628
72666
28613
97589
16296
79152
49534
50161
22311
63720
94351
70217
95313
55363
80521
42682
81045
32466
74150
95440
23935
24543
76667
48444
53862
66037
81840
77732
28101
97037
32080
26948
18922
82100
71739
16003
30075
76193
30678
27424
28553
29697
60985
78234
17559
31200
51347
27545
81362
51798
20025
71500
86968
99944
45441
21649
41943
18646
46764
29415
86969
96025
71236
51321
90398
32766
30736
92135
16281
55512
45175
28641
78204
24466
21130
64873
56900
28858
30780
21719
40080
25773
81223
22841
22294
18120
45829
99894
26956
90992
86737
93602
96582
42468
23448
58464
63054
65710
29402
18718
25939
19913
63571
51348
71593
50672
47477
41312
31545
69144
27937
16450
56836
90495
74835
54511
24556
52577
16023
63471
88733
54857
24158
27109
49314
79050
79877
95235
24656
52857
89500
22351
51453
26156
79602
21132
80053
18526
16280
32384
41287
65538
52751
30345
30295
72854
16866
88663
74967
23891
83093
90033
85175
18030
79838
83992
78020
84416
16042
22667
71145
60195
29601
21164
26517
71558
19594
43066
60809
30242
16044
88655
44890
60582
29429
87287
25462
76674
29290
17452
80791
20943
22438
92340
81519
31961
99424
24922
81545
65786
43283
58144
95294
65465
32126
27843
82154
23801
20632
66555
93122
32170
22066
96662
48417
49777
18251
19347
71054
56225
89404
32047
58730
64282
55456
17981
92642
80097
32424
25432
45781
78260
69234
16338
94560
57153
57139
53729
85638
77101
74386
72517
32330
84347
27431
93203
27416
45272
90735
18099
26631
46466
19437
19064
22962
22880
29769
62047
18869
67175
53584
29343
82898
99433
30756
17378
83469
93235
60572
27258
88409
75335
60272
54311
51914
57734
57073
59886
78980
21614
31784
25767
53770
64298
89901
22063
71707
58183
22862
22047
53861
67485
24674
17674
45300
94944
32434
16485
16736
85141
28340
27143
52899
21974
62395
50846
17196
24412
23825
90845
24880
96646
80587
20374
31516
77882
31203
26533
23261
86918
52604
80602
58288
19044
32482
26713
52622
29982
77149
74523
65113
63764
92396
23433
47998
17468
24689
24239
31382
27133
96458
18168
20111
77203
89448
52910
60776
50479
70080
57398
26029
80641
67760
74482
17575
16988
26806
52663
45959
7971
32692
80360
23130
21467
47428
18023
80596
16469
25885
30998
24536
63509
93550
94050
18920
23895
31798
18541
81295
41107
893
29097
44976
84463
21862
96006
80294
22106
96004
58312
29476
22137
23126
80144
81815
91558
17621
44383
26781
91867
82697
58184
89721
87711
72205
50518
54547
30162
74282
24234
96750
87007
85368
26270
54700
96361
71280
46923
63009
70048
21786
80632
26719
21514
85866
82894
86980
30845
64124
22984
61150
71091
27861
31489
29137
96377
27981
41191
28069
17516
95735
20289
97799
24826
16156
23907
54960
85143
77488
89109
71386
21635
84084
60039
42935
95220
88825
54526
42307
93155
71726
67807
88193
26920
28365
61638
58740
26446
93717
94661
24493
76001
31866
91549
94085
79422
96148
20776
32474
80745
40246
23309
18891
81190
28726
63936
75217
78902
30348
94415
28275
31381
45688
21729
15970
83924
67747
25708
62058
67858
61991
41696
22563
43686
19438
16443
77221
94734
18547
90369
28661
90514
74005
23556
71194
26201
66988
75077
62042
29574
26751
90279
24695
51210
21303
71191
60048
93560
20593
24119
52068
23871
30576
70491
72040
89187
21689
93983
75829
79551
71013
29776
68916
74147
26041
57889
19904
75972
88078
19373
63374
26114
78506
45974
66189
29092
58855
22503
85196
26490
76096
29664
81597
29801
49650
19046
27030
46489
92839
32356
20223
55783
44369
54966
86705
22007
19022
26728
24195
86749
24792
58214
24938
90389
90549
77434
66718
84519
1492
61886
30660
18957
83702
85999
40762
17398
72143
18865
66373
47406
49045
72538
30210
26985
21267
43732
92640
27227
73497
30050
28912
17879
64505
95143
74740
30547
27181
32268
56570
72943
52001
73465
47286
64714
26287
28846
22990
60014
79998
27243
41773
28549
72782
79336
30231
27523
24870
43909
91004
26960
31536
51872
23317
19161
92314
22695
90296
96350
41217
56714
55920
24298
83671
21445
40351
90481
82169
91459
60887
19936
45232
25517
14178
20879
85980
55609
59120
93394
96688
41383
58810
45639
24496
19705
90363
24029
57366
63934
51039
71262
51986
32161
82111
91978
61083
54908
30956
72351
52231
78716
20503
88264
88636
20848
86622
18131
60500
25295
53470
29625
96920
41724
16249
76180
54638
84105
20140
47618
66641
90061
62447
57083
30263
89754
94778
25859
28002
68173
45933
40084
24863
17603
99487
76012
78701
97065
58862
48184
54276
17891
87272
84410
20135
22020
62647
28654
58242
94075
81692
75064
22045
73650
48601
31567
40493
60922
60413
30716
16548
89616
29894
32622
73107
48006
77988
21127
70110
87158
49098
32120
86561
62487
17260
26936
31136
31249
23938
90046
30091
28944
22732
43906
24821
70191
20748
18194
59281
80204
20339
19511
23141
49750
72921
17635
43143
90884
70496
30475
40094
24286
69033
16229
32129
60958
77675
95335
21195
68272
52967
25612
58947
27106
41002
45589
31838
27753
85665
83288
19372
40582
78222
99693
17497
99762
58163
83776
80790
45071
28942
29616
64072
59270
31606
43150
68234
28378
27264
22624
42769
89849
26145
56872
67717
86122
18108
20984
88090
61565
90677
73200
89481
91864
99380
17608
67956
80711
71792
17997
22545
28471
29002
29420
19583
61282
76716
46668
52412
29164
29142
90957
96774
75257
90891
51771
80383
89978
45753
8994
42180
85441
73286
94066
28092
43074
28042
56910
72309
97418
19593
32732
76032
25985
46484
20048
45956
61213
29151
62750
19506
55507
25585
83869
55750
26911
29279
90455
62765
16531
46576
22882
60207
16373
30178
21821
84904
25630
73614
29730
26943
99939
31079
18312
22183
30609
81560
63220
47311
57770
80506
29736
41639
31717
90070
79548
52659
17370
93623
91461
27754
60834
45871
26043
27723
78319
21056
84478
89708
87858
45842
94414
45291
32515
25998
20829
81154
25895
43452
19381
65669
58796
76074
29555
30306
30887
57437
98604
73893
67744
30733
20624
30865
24634
23440
55074
19182
17895
62600
29981
53642
23382
43503
23083
57408
31661
81425
94992
22225
46150
52647
22446
92147
16667
68036
69917
52186
31958
77904
68355
93459
76529
68929
51094
94564
32768
31191
18807
40456
20909
85658
86220
75609
21494
23120
31509
27643
58193
76798
70623
55365
85504
65082
92699
20499
75156
96873
69992
99067
55046
24639
59797
22976
88695
16913
59934
80555
23137
79929
43812
19489
29950
91790
84198
23829
98400
73539
29628
28199
64185
69251
95308
61677
66463
27352
24952
71192
69932
95373
26739
58871
48895
29323
31987
65577
18931
27805
96697
57663
91633
29348
96737
74394
41102
83603
72095
58576
22119
19759
76921
29133
97532
86586
70505
59619
72978
26124
57186
30682
58852
57489
46287
21921
64645
55022
71788
54084
62284
26647
85699
19323
28479
20575
56429
93207
29551
59828
28847
18772
19485
63669
87769
29385
99881
28461
20268
73868
17081
29739
72363
27856
17486
65554
29902
17212
76021
24780
32377
32450
74041
46154
24939
41897
29222
51933
19930
80751
87320
24762
40673
24690
22998
66504
21244
52791
11785
61939
30378
26643
41328
63240
32445
59855
72459
58510
21633
32755
30247
25753
21576
29868
19543
65588
26140
77926
25661
27234
80239
41125
80575
67442
27206
29624
62751
51921
75201
71531
68375
29859
25764
60969
98253
43697
90227
18018
91551
94172
61823
27607
27779
31331
51776
50462
23770
83449
6817
21642
53285
88227
43162
30140
20481
86007
72154
58861
55281
91299
67741
77987
91955
52411
30705
92420
55713
27091
27946
30829
61051
67087
69928
98335
51948
70393
68703
23298
31925
18998
29073
40822
23003
29633
86485
17300
60843
5764
17913
28586
62518
20388
20585
32372
77948
31796
74418
43084
18428
50770
65988
69407
63660
95354
54818
29972
17339
58154
75472
87008
96683
48830
84885
94164
50471
77310
32396
17606
17255
18165
16760
97399
64027
80830
