80805
85669
99559
57836
66405
99231
9531
66965
71495
75544
90045
91031
94828
76637
21569
99333
78366
80878
87906
94937
98769
86394
77471
82015
69225
76338
96259
63031
58004
95834
94991
89493
83467
89634
68860
72771
79664
61585
87803
81904
80696
72540
78707
61711
88458
90479
87400
77131
96618
61673
71377
60897
60826
78870
74894
76945
65267
73695
18901
93596
99783
89917
63773
78685
76508
60274
89119
86276
77947
72678
96145
80580
81651
76479
20124
90208
87948
93054
63213
92775
61652
84474
66825
65946
69299
82150
78518
95959
79553
92464
58662
75685
72083
20815
67796
70239
90143
91033
98494
88064
68842
81270
78155
85407
81865
97750
90430
20796
91242
68319
96842
62186
98829
92531
17959
67206
77560
76988
89437
67529
79297
60142
69673
63536
98973
72392
95204
83964
75315
64999
97679
99052
92212
60432
66643
71059
95631
98573
97381
82208
61030
69587
81449
71501
82296
89806
59085
59194
51922
93800
84461
93422
87416
60337
89449
58505
99740
63167
86832
58732
91333
98169
77480
80813
98554
95280
99299
96643
81593
76930
83808
77524
99383
75138
32425
96686
63531
65232
86531
90780
88345
85083
75355
76222
91832
87410
82104
75181
62975
77282
79061
75941
97143
60947
87918
77019
76446
88649
81049
74505
72119
81850
59801
73039
93147
85851
87595
60868
67477
59726
72233
95968
80218
58685
89688
86176
94581
68832
70220
89927
73322
69359
75557
99560
69131
65558
68099
98342
71487
88635
66766
71293
71599
70447
73925
75502
62183
75435
82138
87253
98649
58799
73242
67887
97976
79306
71580
99756
70359
86199
93705
61852
60961
90115
81783
65630
71884
68475
86145
67578
85479
58141
83976
89487
58472
65871
68699
17987
73068
97273
99247
77443
94977
82405
67965
99647
85639
99865
66571
88163
81391
65112
75300
62204
64188
59976
83261
91951
76026
61783
86791
96804
89292
61236
66002
58609
85402
76568
69548
72813
84849
90903
98359
71084
82935
90802
83982
59603
85723
91669
75658
59979
69037
94341
84011
85327
75051
91295
87869
91572
95868
73755
75347
70651
65999
93970
67348
81866
58217
86782
82073
96260
63692
96632
83301
64735
74686
83856
77893
69583
87651
65893
74716
81187
65959
94864
97524
60204
75664
61215
66831
70485
68791
85794
93336
62371
65665
58105
94611
67788
88662
69758
62380
70516
67172
86879
73684
58134
70872
77070
92644
61500
65178
94387
81567
64171
82326
80970
87188
77383
74818
64572
58433
91855
58723
91648
77661
99461
70002
73488
72960
86314
64021
99822
98623
58008
97801
97599
10424
85749
61630
69745
72043
68095
64550
70924
58551
98665
96530
79511
88112
66264
82290
85489
88296
80778
91934
86041
70259
84078
82309
69370
86502
62464
79594
80536
79645
75107
95747
99726
88106
57878
95578
80737
62296
95925
77828
82512
94698
89419
95895
86086
70373
82853
91871
58774
63733
62169
87989
80030
95929
83751
1000
94782
12537
60118
69177
75586
96442
65989
66395
90899
67800
76178
62495
59442
94452
84142
74503
59016
97923
91601
60849
23396
91463
98555
77469
74748
72907
87053
68109
71514
67358
64104
89287
72580
90362
58265
86866
88016
86984
93510
78416
88560
68350
82221
76196
85974
84734
75759
78946
63944
85023
95634
95707
83578
80538
87275
63415
90392
59950
60077
79355
83684
60783
80880
97784
62135
68696
73565
60262
58702
74701
75517
63107
73822
87549
66785
80592
80033
94696
64334
65915
77614
60878
59516
91309
88883
67117
78418
70954
91705
96151
79222
80752
74979
67917
98420
98582
69145
90391
77951
99517
93535
66517
92695
63721
84467
83203
75439
93119
67475
86684
60106
68044
86810
86315
98944
80861
84450
89758
93924
63176
99384
79709
95847
88315
82828
76984
64191
65374
96833
85303
83222
84489
62782
98606
81927
78182
82024
87133
69243
68140
78289
91814
71072
66010
65833
99836
99115
68884
92686
81232
58597
57985
90538
97598
78127
62361
77676
83389
59301
74584
58169
79294
93834
79523
84042
69338
91470
70944
81660
99411
86913
82702
94617
78442
84600
62103
86123
71277
85230
84615
90609
64904
99312
82322
84838
69943
81770
76739
73313
62919
67089
76717
65049
85024
63948
58593
80649
86628
98309
81008
64192
60715
65678
57981
97582
64884
88632
84107
80319
90425
88961
98525
95676
71143
80914
99469
96731
61502
69416
68172
98188
88573
70563
95705
99361
89815
84984
69426
71774
59472
79177
80658
65056
98481
65703
79909
94597
99096
88790
90211
79851
72230
59618
77242
60054
67421
70989
76315
76327
86530
81363
92339
60214
63073
72097
23761
91583
74857
85089
26214
59152
69027
84908
89765
73299
85184
68900
94594
79423
64580
68635
87185
93679
86831
74866
98514
81012
76923
64619
96974
65604
69262
97042
95933
92757
72163
87262
58515
98605
65613
59936
79894
74223
77875
98558
85940
68402
74820
74942
67415
90878
61871
69129
96091
90834
80260
60762
75500
88584
66780
67408
83962
93475
71889
69776
81666
71576
68865
75251
76418
93031
94959
98384
10545
83728
86961
71274
71027
74673
70442
77128
99298
83818
65219
66596
65176
75615
69769
98118
93321
89772
79617
77816
97773
74316
78431
91788
90122
72207
74654
61667
89091
70131
96040
68152
88466
58278
64014
86848
93360
67568
90720
78697
86320
88738
96958
75053
20510
74496
75830
76736
68965
73509
60174
85457
69246
87336
65579
98724
76890
64026
82609
69295
89597
96407
80849
79344
79049
79862
65962
88674
72670
60115
69141
94254
68533
65950
76071
89485
65878
90418
97876
89355
84320
56279
88424
61195
94430
99830
81025
77191
68713
63309
94480
60998
75454
91783
74727
95465
82036
66067
69696
66745
84606
82904
77427
76249
72336
83365
63741
74481
81491
65555
97353
58046
68956
62646
96793
78565
71797
67651
69146
66603
67050
92861
95803
65268
63364
62383
74159
97263
73770
97547
93025
89900
65217
84969
82769
68453
84749
98969
59347
90258
74639
59943
85907
97441
82048
76698
64715
77511
81881
91197
67154
69398
98656
69354
94997
76386
88081
92721
65284
97529
58634
65003
4406
96261
76880
88676
71174
59498
64893
94057
87263
57904
84669
91802
68308
82973
92289
21866
79671
98593
91365
69293
98220
62150
90708
62871
82433
57795
74817
87537
92092
96456
60477
90873
91096
73198
78215
64573
81233
65401
99063
85647
80518
99085
99417
79264
92195
59260
79754
61519
95776
77589
95830
71127
58130
76476
89735
83255
96719
90628
76665
82518
91950
96670
79699
65906
87868
68221
91062
53228
64757
82950
72103
67344
82656
86648
83749
99912
74456
66824
76135
65656
82831
94012
99491
63745
84624
92218
68937
77453
67060
65180
59877
97769
18484
76853
64314
87284
65390
82938
85685
68209
97032
86711
83566
80024
83691
93732
75509
85845
94993
12920
66061
90658
62691
98406
98435
78481
72328
79280
60244
67104
78756
87880
78532
82439
61475
98744
83235
85797
62762
98931
82575
12244
58917
84307
74976
98182
73388
78325
65634
73756
82313
73843
78419
91763
84717
78306
70156
71645
96734
60805
65645
77024
69857
92916
89840
85962
87049
96232
76546
62887
62654
60455
71349
88606
96234
65002
90414
96553
59903
86824
89607
59113
97217
82159
63477
68946
96240
76078
83678
73074
83914
96443
87675
90990
86317
79651
89645
98797
83937
70926
74554
59832
76009
80111
63253
85310
97840
97560
78388
94665
65004
66389
95767
72993
89446
80656
73713
58812
58826
72775
72824
87203
24292
72930
93610
66228
59101
13494
7874
62543
90165
83608
97786
8231
91289
99528
72584
66307
61024
92846
63226
87291
67673
81436
73946
58296
84718
94300
85255
59285
89157
22801
84126
73131
23157
66412
93900
72891
96815
93557
61111
75666
78076
65582
61640
58005
62187
63088
92074
75996
97834
76282
67735
90269
64798
96977
59039
81359
84817
79372
58460
99572
68235
93722
62227
57935
75496
99985
99503
63116
76695
83629
78892
70542
75100
62534
90008
67423
66730
91167
62033
78010
91327
72851
90688
16712
99472
63993
92816
63955
74937
89565
93950
84585
85352
74353
61450
62143
61590
88308
85700
79310
91350
88816
90032
82642
87976
78708
95093
73249
75883
71260
89268
62594
60595
63187
63519
78038
62212
58006
58441
58475
62925
92455
66894
63749
66739
88429
58027
67281
95201
94046
77503
93454
92347
86683
93662
91121
71603
66851
67150
89045
83362
98994
89992
79596
95561
15066
91438
70462
59067
89544
59004
65025
74566
67906
68177
89854
89736
80342
99178
82641
87687
65537
93701
93628
88242
58599
80983
93938
69711
80603
94125
93387
88265
65837
97229
66095
67617
69811
81786
69484
65164
98698
80274
70682
68204
89356
96869
58337
64906
64752
91579
99991
64485
91602
81958
80943
68135
83182
80121
65312
91200
64709
96371
62261
82148
71579
86550
81475
93078
87121
83345
96066
73038
98385
58782
94903
93566
91782
64153
90174
71798
72439
82490
30650
80644
76751
85769
62980
76710
65650
78292
4954
5849
90256
86294
60720
78474
93113
74786
81193
94517
64830
68687
98162
72969
73001
70492
67427
86618
60122
66474
98552
66557
65516
71862
77484
85534
91614
96540
62239
87980
94846
83643
90396
85941
67227
75640
64965
80473
77781
70622
81122
98557
72634
94196
71108
66508
84610
67222
63992
85704
96962
70380
61033
84531
76514
58115
82465
97411
90805
67976
69904
65627
70072
80386
58522
89797
82030
86863
4294
67306
74679
64570
58153
57972
91525
71825
67209
91294
71220
75244
74185
95726
61574
73417
70078
73008
68870
66876
86942
83607
87692
70838
97716
79352
97158
85258
63177
98041
78241
64262
94767
61344
95555
87968
99561
96651
87552
62858
98864
59777
97927
65692
73758
63039
96937
92331
62608
68806
83879
86359
70981
68215
98853
66200
91475
67388
91913
96365
90078
82534
89167
99554
93187
73742
74253
95377
93850
81412
22317
95816
73993
11195
74392
91343
62930
99837
89394
87965
97577
93554
94319
80404
94950
482
69713
83204
62576
68926
80281
94023
88484
75536
59252
94824
83901
92651
74789
92084
68024
65982
74722
77873
76421
66574
83773
83500
61187
73702
58016
86805
86087
75089
90848
83498
79578
99965
94104
60198
84747
65861
74319
79015
59523
75395
86146
65412
80015
77644
80606
67808
73894
83438
58066
78911
75170
83034
82205
67934
77686
79142
70871
78879
78463
80594
77429
86663
74975
67134
68389
68589
88361
69233
97449
63201
15886
70084
73440
82851
69159
94879
58617
93515
62865
73223
58831
95821
79799
66850
89769
96865
70148
74459
94447
96436
84468
83690
92866
83497
77163
86872
65570
71927
76782
83269
59783
73077
90909
99374
76646
68401
59788
68882
90544
81230
58945
59220
93233
80428
97437
73126
70957
91434
73150
92950
99936
64368
63410
69268
63849
87789
90786
80299
59278
72751
61606
67689
85176
80179
72045
76625
74711
94897
88926
96808
92239
68798
76066
81737
99802
78691
98790
90604
65454
62914
78145
89800
98564
88529
83802
68285
96177
81271
91086
96701
63407
81096
90475
78797
92767
90330
69660
63659
89897
83723
80551
89310
94072
59473
92623
74869
65417
86158
59833
88531
71215
85971
70517
68647
61566
97539
77645
93887
68228
15640
59916
75823
58113
93018
82354
65236
62157
74733
1586
30481
73808
63053
94726
65086
72931
64122
73572
72146
72511
82177
88521
69480
90585
63290
77799
83920
80163
85435
90874
63444
63740
58731
90195
59999
77099
71479
67384
99230
62402
99197
78983
66306
73175
73790
98634
96638
60966
85374
74966
80977
96674
92324
94223
68457
72883
72461
71491
59104
59831
81729
99674
58180
58618
65589
85710
58633
82722
75582
78046
79240
97178
83393
88612
82810
84818
71011
94805
60020
81342
69167
59348
88685
88224
65956
62538
90854
88726
94561
83184
58845
88911
75493
95339
90121
78230
58562
90484
76873
80347
69206
78874
88747
95595
75200
58773
79481
84206
76257
88809
67395
88417
95435
64874
94229
82599
87577
93325
82065
83265
87470
27208
72281
62937
94953
91925
96892
92989
80429
88095
82086
83724
95126
66507
61794
80136
85493
12659
28240
58157
62259
58940
92002
78913
72945
63264
78666
92426
86786
95823
76658
72421
83062
60431
98038
30420
58131
65149
62653
77382
79188
68301
87605
81202
89711
83143
59825
89958
99294
72455
98198
88889
93945
98794
74954
63049
96938
68244
83349
65278
70212
87078
59087
71582
60680
59707
66900
91102
71743
73888
88691
75764
93501
89451
72725
70919
78009
70776
85597
93245
73530
69208
65502
72094
76968
63652
83957
61119
76974
81807
85976
86247
68944
26705
67164
93392
75142
75880
81825
82380
69684
76390
82843
83427
95104
95380
62707
85655
61825
99122
86883
78674
61265
88824
90213
88499
96453
80628
66566
82001
79673
81242
86270
84983
75101
83010
61099
98009
69411
82529
74958
78014
76957
59977
71988
64700
70547
62774
81283
4805
98622
85071
78433
81057
80629
66322
79300
69563
68827
62415
96579
22704
66093
89672
65074
95673
65623
88690
82211
62641
93378
84715
72940
92941
97022
87867
59458
76547
63833
77552
72727
92649
96997
71361
76332
62248
63715
63135
90800
58483
82736
80962
76975
90410
70561
74709
67739
76090
63637
65827
63110
97959
74533
63012
95819
90830
65773
69701
79031
99120
78522
92449
63109
94202
74419
80018
69858
75029
86915
89532
74468
73113
69947
94293
73740
95469
64332
88928
64432
62530
99621
99992
78063
80301
85842
68450
63922
84249
80511
74345
62488
73765
70125
82299
85598
97358
74585
63179
93966
89252
58965
96704
64773
68502
91764
84046
89332
68006
67473
79252
62387
74016
69333
72790
81130
94049
66891
70890
90635
86539
89761
94966
81691
96741
95736
88441
97898
73884
86645
85278
77476
94117
91331
15898
62829
67715
96848
84350
95938
87081
92284
59053
87376
71612
75047
83873
72260
83248
77924
85950
59765
70991
76561
76494
75027
76916
93348
11437
88805
99112
97646
68295
99322
47512
95456
96666
79406
95387
97417
83406
99691
96369
99637
60234
87704
75323
97683
69483
87565
10119
58319
86323
71459
79392
98562
97351
76696
71564
70314
99903
93077
77949
90142
99088
96023
81068
89228
81946
64819
58781
61568
93056
69574
29757
75451
82559
76008
87962
96527
87754
87118
96181
63892
72467
85714
83746
99185
96410
95782
82960
58155
76017
80084
93280
60489
63917
98574
77749
81247
70550
91768
61415
63192
60919
83975
86218
85025
70763
59551
80785
67070
88832
71945
91097
78023
61581
97942
93956
79079
60059
98530
68089
66151
83977
90150
83100
97916
84089
95316
85775
92440
78251
76395
62721
76594
79677
81864
95403
97172
87254
82562
81114
83088
69388
68529
70654
69172
81285
85994
59065
68857
61128
87963
80139
79100
66009
70340
88008
59687
79501
78678
95806
96705
71555
79878
82301
87628
89212
62642
89325
75446
65890
90566
78551
72909
87794
64995
83550
89719
80027
63492
77586
59816
82929
81167
97124
61012
88303
91490
92518
70886
60518
70271
69375
97467
90403
82147
87157
93678
62795
87608
94025
92105
83324
66724
64150
72335
82806
80259
88852
72992
80326
60890
91554
82279
65559
69015
59701
80497
82324
69259
65463
70874
86340
88660
93458
62581
67554
84406
76109
59889
87484
59592
90508
64844
10027
63693
62126
94162
95849
69270
98749
93194
76630
71961
83617
67025
68601
68544
73087
64846
67504
65975
80490
62343
60675
88565
85131
81376
94872
19455
90886
69639
86347
71677
69176
64288
74798
89179
67017
95843
83932
95323
68103
59090
63581
67245
71211
91005
97070
92648
65161
83650
97566
64891
83527
67341
82359
76802
71986
64599
73292
94820
77711
94912
75014
86313
71946
62421
72229
99817
96405
94009
98615
58100
83335
72329
89868
60864
67019
61156
94762
76200
66841
65358
99613
94634
96814
58888
89914
86148
95351
62863
97795
85615
64969
75775
83633
66637
64137
91123
76432
67404
74950
87468
92984
60419
69464
17170
84726
67177
99650
61298
66756
99995
70040
77903
77013
62316
64230
99938
83169
91770
66365
65810
75963
96218
83564
94539
80625
76397
80425
90151
79229
82293
92525
80265
97206
77206
83522
59136
79348
92824
59002
73961
93401
97239
71665
58995
80927
63297
98256
75568
63320
61068
600
92373
74408
78238
81032
63935
77927
63672
90120
63914
92287
59443
90270
60523
83244
90049
97818
89103
88476
63218
78213
85688
80410
60954
83129
68878
80110
98674
96197
58771
65404
70206
58325
95076
71106
98887
76034
85519
82021
88111
71998
85516
67301
85852
64472
61893
71837
66084
74289
66786
74258
88624
79465
72545
79166
71513
67461
58257
58878
61331
71814
61375
72308
91313
79967
66505
77083
69546
98919
63552
61904
65150
66479
85042
70784
94733
79962
87225
80519
68839
95410
60380
76541
84266
79132
65147
64519
58098
96791
13289
63541
82802
91150
86907
85766
66481
92209
79660
57791
99080
65448
79575
58930
59486
61259
67639
81429
67683
71997
99362
91384
82770
83102
96421
95951
86934
60295
92281
78867
84853
88702
70223
58851
60829
65562
91758
72102
69265
93411
94512
78641
99797
1873
60892
77787
7012
94119
86780
58720
92075
76741
71736
92200
81208
94538
99268
63512
83700
75824
93634
70806
81410
83202
75591
95077
71327
65256
62463
93193
60362
76609
70786
96520
92346
94260
91588
63687
98896
85490
65449
82496
68429
58430
85650
76811
63515
68074
68949
81245
70704
63676
64450
60164
83167
61659
62650
99790
62791
73654
79900
79636
95740
62855
66957
95976
98959
88350
71559
69281
72377
97846
94032
89049
76715
94737
94327
77380
61546
70313
60408
75162
58416
88857
58111
63103
74768
62190
84057
81316
74174
63145
78839
73526
82072
80436
75889
66362
63219
78168
69186
68435
79413
42776
68849
88009
63723
61078
64994
62958
92492
63785
91765
72462
99913
67843
77094
58574
66542
73582
16572
75026
76186
79404
61301
96567
74410
57934
96591
97660
95420
75817
75856
62334
63359
65973
83565
78290
81480
79262
97121
91376
88025
83922
11438
95013
97593
72666
97589
79152
63720
94351
70217
95313
12518
80521
81045
74150
95440
76667
66037
81840
77732
97037
82100
71739
76193
60985
78234
81362
71500
86968
99944
86969
96025
71236
90398
92135
78204
64873
81223
99894
90992
86737
93602
96582
58464
63054
65710
63571
71593
69144
90495
74835
63471
88733
79050
79877
95235
89500
79602
80053
65538
72854
88663
74967
83093
90033
85175
79838
83992
78020
84416
71145
60195
71558
60809
88655
60582
87287
76674
80791
92340
81519
99424
81545
65786
58144
95294
65465
82154
66555
93122
96662
71054
89404
58730
64282
92642
80097
78260
69234
94560
85638
77101
74386
72517
84347
93203
90735
62047
67175
82898
99433
83469
93235
60572
88409
75335
60272
59886
78980
64298
89901
71707
58183
67485
94944
85141
62395
90845
96646
80587
77882
86918
80602
58288
77149
74523
65113
63764
92396
96458
77203
89448
60776
70080
80641
67760
74482
80360
80596
63509
93550
94050
81295
893
84463
96006
80294
96004
58312
80144
81815
91558
91867
82697
58184
89721
87711
72205
74282
96750
87007
85368
96361
71280
63009
70048
80632
85866
82894
86980
64124
61150
71091
96377
95735
97799
85143
77488
89109
71386
84084
60039
95220
88825
93155
71726
67807
88193
61638
58740
93717
94661
76001
91549
94085
79422
96148
80745
81190
63936
75217
78902
94415
83924
67747
62058
67858
61991
16443
77221
94734
90369
28661
90514
74005
71194
66988
75077
62042
90279
71191
60048
93560
70491
72040
89187
93983
75829
79551
71013
68916
74147
57889
75972
88078
63374
78506
66189
58855
85196
76096
81597
92839
86705
86749
58214
90389
90549
77434
66718
84519
61886
83702
85999
72143
66373
72538
12553
92640
27227
73497
64505
95143
74740
72943
73465
64714
60014
79998
28549
72782
79336
91004
92314
90296
96350
83671
90481
82169
91459
60887
85980
59120
93394
96688
58810
90363
63934
71262
82111
91978
61083
72351
78716
88264
88636
86622
60500
96920
76180
84105
66641
90061
62447
89754
94778
68173
17603
99487
76012
78701
97065
58862
87272
84410
62647
58242
94075
81692
75064
73650
60922
60413
89616
73107
77988
70110
87158
86561
62487
90046
70191
59281
80204
72921
90884
70496
69033
60958
77675
95335
68272
58947
85665
83288
78222
99693
99762
58163
8722
83776
80790
64072
59270
68234
89849
67717
86122
88090
61565
90677
73200
89481
91864
99380
67956
80711
71792
61282
76716
90957
96774
75257
90891
80383
89978
85441
73286
94066
4094
72309
97418
76032
61213
62750
83869
90455
62765
60207
84904
73614
99939
81560
63220
80506
90070
79548
93623
91461
60834
78319
84478
89708
1497
87858
94414
81154
65669
58796
76074
98604
73893
67744
19182
62600
81425
94992
92147
68036
69917
77904
68355
93459
76529
68929
94564
85658
86220
75609
58193
76798
70623
85504
65082
92699
75156
96873
69992
99067
59797
88695
59934
80555
79929
91790
84198
98400
73539
64185
69251
95308
61677
66463
71192
69932
95373
58871
65577
96697
91633
96737
74394
83603
72095
58576
76921
97532
86586
70505
59619
72978
58852
64645
71788
62284
85699
93207
59828
63669
87769
99881
73868
72363
65554
76021
74041
80751
87320
66504
61939
63240
59855
72459
58510
65588
77926
80239
80575
67442
62751
75201
71531
68375
60969
98253
90227
91551
94172
61823
83449
88227
86007
72154
58861
91299
67741
77987
91955
92420
61051
67087
69928
98335
70393
68703
86485
60843
62518
77948
74418
65988
69407
63660
95354
58154
75472
87008
96683
84885
94164
77310
97399
64027
80830
